cam0:
  T_cam_imu:
  - [0.018408409807158105, -0.9993299833208017, 0.031634077897395085, -6.354774305524535e-05]
  - [-0.47145218122383825, -0.036577014930178814, -0.881132772513929, -2.496236255011394e-05]
  - [0.8816994789993116, 0.0013062981452220956, -0.47180962507933105, 5.0310258261710565e-05]
  - [0.0, 0.0, 0.0, 1.0]
  camera_model: pinhole
  distortion_coeffs: [0.004185, 0.025888, -0.010064, 0.00115]
  distortion_model: radtan
  intrinsics: [468.50173, 468.76673, 337.67932, 235.53148]
  line_delay: 7.382894642565676e-05
  resolution: [640, 480]
  rostopic: /br5/usb_cam/image_raw
  timeshift_cam_imu: -0.0692493414254082
