image_width: 640
image_height: 480
camera_name: narrow_stereo
camera_matrix:
  rows: 3
  cols: 3
  data: [463.17819,   0.     , 334.07574,
           0.     , 466.37466, 232.802  ,
           0.     ,   0.     ,   1.     ]
distortion_model: plumb_bob
distortion_coefficients:
  rows: 1
  cols: 5
  data: [0.005641, 0.021369, -0.011285, -0.002365, 0.000000]
rectification_matrix:
  rows: 3
  cols: 3
  data: [1., 0., 0.,
         0., 1., 0.,
         0., 0., 1.]
projection_matrix:
  rows: 3
  cols: 4
  data: [474.07138,   0.     , 331.48412,   0.     ,
           0.     , 473.66638, 226.03437,   0.     ,
           0.     ,   0.     ,   1.     ,   0.     ]
