# oST version 5.0 parameters


[image]

width
640

height
480

[narrow_stereo]

camera matrix
462.354714 0.000000 333.659847
0.000000 464.880270 232.930245
0.000000 0.000000 1.000000

distortion
0.003327 0.022627 -0.010790 -0.002708 0.000000

rectification
1.000000 0.000000 0.000000
0.000000 1.000000 0.000000
0.000000 0.000000 1.000000

projection
472.670441 0.000000 330.829804 0.000000
0.000000 472.004944 226.431856 0.000000
0.000000 0.000000 1.000000 0.000000
