# oST version 5.0 parameters


[image]

width
640

height
480

[narrow_stereo]

camera matrix
463.178185 0.000000 334.075739
0.000000 466.374660 232.801995
0.000000 0.000000 1.000000

distortion
0.005641 0.021369 -0.011285 -0.002365 0.000000

rectification
1.000000 0.000000 0.000000
0.000000 1.000000 0.000000
0.000000 0.000000 1.000000

projection
474.071381 0.000000 331.484119 0.000000
0.000000 473.666382 226.034375 0.000000
0.000000 0.000000 1.000000 0.000000
