# oST version 5.0 parameters


[image]

width
640

height
480

[narrow_stereo]

camera matrix
459.511171 0.000000 332.183886
0.000000 463.600812 227.617737
0.000000 0.000000 1.000000

distortion
0.001730 0.022712 -0.011815 -0.005344 0.000000

rectification
1.000000 0.000000 0.000000
0.000000 1.000000 0.000000
0.000000 0.000000 1.000000

projection
469.606323 0.000000 327.542177 0.000000
0.000000 471.404785 220.668491 0.000000
0.000000 0.000000 1.000000 0.000000
