cam0:
  camera_model: pinhole
  distortion_coeffs: [0.005641, 0.021369, -0.011285, -0.002365]
  distortion_model: radtan
  intrinsics: [463.17819, 466.37466, 334.07574, 232.802]
  line_delay: 7.382894642565676e-05
  resolution: [640, 480]
  rostopic: /br5/usb_cam/image_raw
