cam0:
  T_cam_imu:
  - [-0.02421237361319689, -0.9995458684308132, 0.017939282786834543, 1.1389281129976068e-05]
  - [-0.46836485892356255, -0.0045116041535326334, -0.883523629765199, 0.0001548967353577594]
  - [0.8832033287355329, -0.029794333871608458, -0.4680429230098675, -1.6975727111293185e-05]
  - [0.0, 0.0, 0.0, 1.0]
  camera_model: pinhole
  distortion_coeffs: [0.005641, 0.021369, -0.011285, -0.002365]
  distortion_model: radtan
  intrinsics: [463.17819, 466.37466, 334.07574, 232.802]
  line_delay: 7.382894642565676e-05
  resolution: [640, 480]
  rostopic: /br5/usb_cam/image_raw
  timeshift_cam_imu: 0.0001142942048955061
