#Accelerometer
accelerometer_noise_density: 0.0019314727238559915 
accelerometer_random_walk: 0.00024369423344425823 

#Gyroscope
gyroscope_noise_density: 7.492389699421491e-05 
gyroscope_random_walk: 4.253266741725987e-06 

rostopic: '/sensors/imu' #Make sure this is correct
update_rate: 400.0 #Make sure this is correct

