cam0:
  T_cam_imu:
  - [-0.01035535126763154, -0.9999383025770741, 0.0040196690665833534, 3.503906418004095e-05]
  - [-0.4653313448112127, 0.0012607948566558669, -0.8851356675292881, -0.00022989296264683775]
  - [0.8850759889615767, -0.011036368769224592, -0.4653156910400481, -6.766383716235213e-05]
  - [0.0, 0.0, 0.0, 1.0]
  cam_overlaps: []
  camera_model: pinhole
  distortion_coeffs: [0.007525517032582946, 0.016907218189922118, 5.795374623966506e-05, 0.0061420859898250685]
  distortion_model: radtan
  intrinsics: [461.0204449258414, 458.63956688957865, 344.8380247856544, 256.7844928550531]
  resolution: [640, 480]
  rostopic: /br5/usb_cam/image_raw
  timeshift_cam_imu: -0.051552411404800456
